
This is FORCESNLPsolver, an interior point solver for nonlinear programming generated by FORCES PRO v1.6.121.
Problem size: 294 variables, 196 equality and 738 constraints in 50 stage(s)
(c) embotech AG, Zurich, Switzerland, 2013-2018. All rights reserved. Email: info@embotech.com

  It.   objective   res_stat   res_eq   res_ineq   rsnorm   rcompnorm     barrier    step_p  step_d  lsit  dw       dc     skips
  ------------------------------------------------------------------------------------------------------------------------------
    0  -7.3500e+03  9.35e+01  1.57e+00  0.00e+00  9.35e+01  5.50e+00    1.0e-01 (A)  0.0000  0.0000   1  1.6e-05  1.6e-05    0
    1  -8.4749e+03  9.17e+01  1.54e+00  3.17e-01  9.17e+01  5.60e+00    1.1e-02 (A)  0.0198  0.0619   1  2.7e-06  2.7e-06   43
    2  -1.2267e+04  1.27e+02  1.46e+00  2.26e+00  1.27e+02  5.05e+00    1.5e+00 (A)  0.0518  0.0295   1  1.1e-04  1.1e-04   87
    3  -1.2666e+04  1.18e+02  1.40e+00  2.16e+00  1.18e+02  5.08e+00    1.4e+00 (A)  0.0436  0.0878   1  9.0e-05  9.0e-05    2
    4  -1.2840e+04  1.09e+02  1.30e+00  2.00e+00  1.09e+02  4.67e+00    1.3e+00 (A)  0.0730  0.0849   1  7.9e-05  7.9e-05   31
    5  -1.2839e+04  9.14e+01  1.21e+00  1.87e+00  9.14e+01  5.59e+00    1.3e+00 (A)  0.0664  0.1961   1  7.1e-05  7.1e-05   47
    6  -1.2774e+04  7.62e+01  1.00e+00  1.54e+00  7.62e+01  3.80e+00    1.2e+00 (A)  0.1738  0.2374   1  6.4e-05  6.4e-05    6
    7  -1.2565e+04  6.00e+01  7.74e-01  1.19e+00  6.00e+01  3.18e+00    1.2e+00 (A)  0.2328  0.2527   1  5.2e-05  5.2e-05   14
    8  -1.2244e+04  5.69e+01  5.20e-01  8.07e-01  5.69e+01  2.79e+00    1.1e+00 (A)  0.3325  0.2067   1  4.1e-05  4.1e-05   27
    9  -1.2080e+04  6.25e+01  4.09e-01  6.36e-01  6.25e+01  2.19e+00    1.0e+00 (A)  0.2213  0.2653   1  2.8e-05  2.8e-05   41
   10  -1.1971e+04  7.19e+01  3.46e-01  5.35e-01  7.19e+01  1.88e+00    9.5e-01 (A)  0.1601  0.3786   1  2.3e-05  2.3e-05   24
   11  -1.1576e+04  7.44e+01  1.56e-01  2.32e-01  7.44e+01  3.69e+00    8.7e-01 (A)  0.5665  0.3223   1  1.9e-05  1.9e-05   28
   12  -1.1450e+04  9.45e+01  9.97e-02  1.49e-01  9.45e+01  2.85e+00    7.9e-01 (A)  0.3686  0.2373   1  9.9e-06  9.9e-06   31
   13  -1.1246e+04  1.49e+02  4.79e-02  4.61e-02  1.49e+02  2.36e+00    7.4e-01 (A)  0.7134  0.2771   1  6.7e-06  6.7e-06   14
   14  -1.1218e+04  1.25e+02  1.92e-02  2.19e-02  1.25e+02  1.52e+00    6.8e-01 (A)  0.5754  0.5164   1  3.6e-06  3.6e-06   11
   15  -1.1266e+04  1.77e+02  1.44e-02  4.42e-03  1.77e+02  1.12e+00    6.0e-01 (A)  1.0000  0.2705   1  1.7e-06  1.7e-06    6
   16  -1.1302e+04  9.41e+01  7.66e-03  4.05e-03  9.41e+01  5.17e-01    9.7e-02 (A)  0.4871  0.6369   1  1.3e-06  1.3e-06    7
   17  -1.1319e+04  1.86e+01  5.23e-03  4.31e-03  1.86e+01  4.49e-01    1.4e-01 (A)  0.8769  0.9751   1  7.9e-07  7.9e-07    6
   18  -1.1323e+04  7.23e+00  2.09e-03  9.34e-04  7.23e+00  1.55e-01    1.2e-01 (A)  1.0000  1.0000   1  5.7e-07  5.7e-07    9
   19  -1.1334e+04  5.59e+00  1.12e-03  1.78e-03  5.59e+00  5.18e-02    6.0e-06 (A)  0.6788  0.8053   1  3.5e-09  3.5e-09    5
   20  -1.1336e+04  5.57e+00  5.64e-04  5.86e-04  5.57e+00  3.71e-02    2.1e-02 (A)  0.7571  1.0000   1  1.6e-07  1.6e-07    4
   21  -1.1338e+04  1.58e+01  5.30e-04  2.94e-04  1.58e+01  1.51e-02    4.8e-03 (A)  0.7092  1.0000   1  9.2e-08  9.2e-08    2
   22  -1.1339e+04  9.85e+00  2.78e-04  1.45e-04  9.85e+00  7.36e-03    2.4e-03 (A)  0.6123  1.0000   1  8.7e-08  8.7e-08    6
   23  -1.1340e+04  7.05e+00  9.27e-05  3.48e-05  7.05e+00  4.74e-03    2.4e-03 (A)  1.0000  1.0000   1  5.1e-08  5.1e-08    6
   24  -1.1340e+04  9.82e+01  7.23e-05  2.69e-05  9.82e+01  4.27e-03    6.9e-07 (A)  0.2466  0.7737   1  1.4e-09  1.4e-09    2
   25  -1.1340e+04  6.51e+01  5.05e-05  1.91e-05  6.51e+01  3.15e-03    5.9e-04 (A)  0.3010  0.7236   1  1.8e-08  1.8e-08    1
   26  -1.1340e+04  4.42e+01  2.80e-05  1.07e-05  4.42e+01  1.97e-03    5.6e-04 (A)  0.4580  0.4123   1  1.3e-08  1.3e-08    4
   27  -1.1340e+04  6.94e+01  2.30e-05  8.35e-06  6.94e+01  1.62e-03    5.0e-04 (A)  0.2237  0.4574   1  8.6e-09  8.6e-09    2
   28  -1.1340e+04  4.58e+01  1.70e-05  6.26e-06  4.58e+01  2.72e-03    4.7e-04 (A)  0.2515  1.0000   1  7.4e-09  7.4e-09    9
   29  -1.1340e+04  1.92e+00  2.17e-06  2.66e-07  1.92e+00  6.63e-04    4.1e-04 (A)  1.0000  1.0000   1  6.0e-09  6.0e-09   17
   30  -1.1340e+04  5.98e+00  5.51e-06  2.81e-07  5.98e+00  2.75e-04    1.7e-05 (A)  0.4990  0.5007   1  1.9e-09  1.9e-09    6
   31  -1.1340e+04  4.39e+02  1.76e-06  2.26e-08  4.39e+02  9.20e-04    1.7e-04 (A)  1.0000  0.2539   1  3.0e-09  3.0e-09    3
   32  -1.1340e+04  9.22e+01  4.54e-07  7.79e-09  9.22e+01  3.06e-04    1.6e-04 (M)  0.7389  1.0000   1  1.8e-09  1.8e-09    6
   33  -1.1340e+04  5.20e+02  1.20e-06  3.40e-10  5.20e+02  1.04e-03    1.2e-04 (M)  1.0000  0.5890   1  1.3e-09  1.3e-09    3
   34  -1.1340e+04  1.30e+00  6.59e-07  1.58e-10  1.30e+00  1.16e-04    1.1e-04 (M)  0.9978  1.0000   1  1.6e-09  1.6e-09   14
   35  -1.1340e+04  1.20e+00  2.59e-07  3.90e-10  1.20e+00  8.91e-05    8.8e-05 (M)  1.0000  1.0000   1  1.3e-09  1.3e-09   24
   36  -1.1340e+04  1.05e+00  1.79e-07  3.38e-10  1.05e+00  7.12e-05    7.0e-05 (M)  1.0000  1.0000   1  1.2e-09  1.2e-09   16
   37  -1.1340e+04  4.64e-01  1.22e-07  2.05e-10  4.64e-01  5.70e-05    5.6e-05 (M)  1.0000  1.0000   1  1.1e-09  1.1e-09    4
   38  -1.1340e+04  1.94e+00  1.05e-07  2.66e-09  1.94e+00  1.51e-05    2.0e-07 (A)  0.9121  0.9874   1  1.1e-09  1.1e-09   20
   39  -1.1340e+04  1.55e-01  1.40e-05  4.34e-11  1.55e-01  2.57e-06    1.4e-06 (M)  1.0000  1.0000   1  1.1e-09  1.1e-09    1
   40  -1.1340e+04  3.68e-03  2.54e-09  9.64e-12  3.68e-03  1.12e-06    1.1e-06 (M)  1.0000  1.0000   1  1.5e-09  1.5e-09    3
   41  -1.1340e+04  5.85e-03  2.21e-09  2.74e-11  5.85e-03  2.07e-07    2.0e-07 (A)  1.0000  1.0000   1  1.0e-09  1.0e-09   16
   42  -1.1340e+04  1.07e-03  4.55e-10  1.68e-12  1.07e-03  2.00e-07    2.0e-07 (A)  1.0000  1.0000   1  1.0e-09  1.0e-09    2
   43  -1.1340e+04  5.05e-04  4.55e-10  2.38e-13  5.05e-04  2.00e-07    2.0e-07 (A)  1.0000  1.0000   1  1.0e-09  1.0e-09    0
   44  -1.1340e+04  4.35e-04  4.54e-10  5.33e-15  4.35e-04  2.00e-07    2.0e-07 (M)  1.0000  1.0000   1  1.0e-09  1.0e-09    1
   45  -1.1340e+04  3.21e-04  4.54e-10  1.78e-15  3.21e-04  2.00e-07    2.0e-07 (M)  1.0000  1.0000   1  1.0e-09  1.0e-09    2
   46  -1.1340e+04  2.89e-04  4.54e-10  5.33e-15  2.89e-04  2.00e-07    2.0e-07 (A)  1.0000  1.0000   1  1.0e-09  1.0e-09    0
   47  -1.1340e+04  1.24e-04  4.53e-10  7.11e-15  1.24e-04  2.00e-07    2.0e-07 (A)  1.0000  1.0000   1  1.0e-09  1.0e-09    1
   48  -1.1340e+04  5.33e-05  4.53e-10  3.55e-15  5.33e-05  2.00e-07    2.0e-07 (A)  1.0000  1.0000   1  1.0e-09  1.0e-09    2
   49  -1.1340e+04  2.97e-05  4.52e-10  1.78e-15  2.97e-05  2.00e-07    2.0e-07 (A)  1.0000  1.0000   1  1.0e-09  1.0e-09    0
   50  -1.1340e+04  1.02e-05  4.52e-10  1.78e-15  1.02e-05  2.00e-07    2.0e-07 (A)  1.0000  1.0000   1  1.0e-09  1.0e-09    0
   51  -1.1340e+04  6.00e-06  4.52e-10  3.55e-15  6.00e-06  2.00e-07    2.0e-07 (A)  1.0000  1.0000   1  1.0e-09  1.0e-09    2

OPTIMAL (within EQTOL=1.0e-06, INEQTOL=1.0e-06, STATTOL=1.0e-05, COMPTOL=1.0e-06).
Solve time: 20.396 ms (51 iterations)

